climate_type,city,role,family,subfamily,metric,label,block_decomposition_n,block_decomposition_r2,block_beta2_share_thermal_shift,block_beta2_share_demand_background,block_beta2_share_humid_heat_stress,block_beta2_share_solar_burden,block_beta2_share_persistence_heatwave,block_dominant,block_dominant_share
Am,Miami,response,building_responses,habitability,maximum_delta_t_k,Maximum delta_t,76,0.1414850893203049,0.022175595688679984,0.47148902643554347,0.14940513344774478,5.594521956258745e-05,0.35687429920846925,demand_background,0.47148902643554347
Am,Miami,response,building_responses,habitability,annual_edh_c_h,Annual EDH,76,0.8276660945813623,0.8371982897123079,0.1486494260807795,0.0005376001151561588,0.0032061315722770618,0.010408552519479426,thermal_shift,0.8371982897123079
Am,Miami,response,building_responses,habitability,maximum_daily_edh_k_h,Maximum daily EDH,76,0.047651425265502034,0.16742409129068417,0.14610023267730027,0.5212124378669766,0.0301215572022786,0.13514168096276027,humid_heat_stress,0.5212124378669766
Am,Miami,response,building_responses,habitability,daily_edh_exceedance_days,Daily EDH exceedance days,76,0.07858079794468154,0.5601665051068947,0.04690162669127777,0.21786258787504512,0.16773400075708728,0.0073352795696950525,thermal_shift,0.5601665051068947
Am,Miami,response,building_responses,operational_adequacy,cooling_setpoint_not_met_occupied_hours,Cooling setpoint not met occupied hours,76,0.9867559683446896,0.8489229885691562,0.13084998306708343,0.011685828129061755,0.008331507675787404,0.0002096925589110464,thermal_shift,0.8489229885691562
Am,Miami,response,building_responses,operational_adequacy,heating_unmet_hours,Heating unmet hours,75,0.7665705121667719,0.008920931885509617,0.9909274103460377,5.4866035201124845e-05,2.1139823946228283e-06,9.467775085686166e-05,demand_background,0.9909274103460377
Am,Miami,response,building_responses,operational_adequacy,cooling_peak_demand_kw,Cooling peak demand,75,0.8979339887288132,0.4357827289495774,0.0038457500631996844,0.5511965993520612,0.005259120211861225,0.003915801423300313,humid_heat_stress,0.5511965993520612
Am,Miami,response,building_responses,energy_burden,annual_cooling_electricity_kwh,Annual cooling electricity,75,0.9948956425070713,0.4767734888636886,0.5109062594024656,0.010688214381451799,0.000385575667994761,0.0012464616843992616,demand_background,0.5109062594024656
BWh,Phoenix,response,building_responses,habitability,maximum_delta_t_k,Maximum delta_t,76,0.059559074779442445,0.1738481973757755,0.7328262353642114,0.026014888106731113,0.0,0.06731067915328191,demand_background,0.7328262353642114
BWh,Phoenix,response,building_responses,habitability,annual_edh_c_h,Annual EDH,76,0.6843989256870266,0.7556884680145247,0.020148300886759198,0.004696583588707268,0.0,0.21946664751000877,thermal_shift,0.7556884680145247
BWh,Phoenix,response,building_responses,habitability,maximum_daily_edh_k_h,Maximum daily EDH,76,0.10531706258147966,0.4122718300801308,0.44612276403944723,0.036977098178646875,0.0,0.10462830770177499,demand_background,0.44612276403944723
BWh,Phoenix,response,building_responses,habitability,daily_edh_exceedance_days,Daily EDH exceedance days,76,0.6074537545240875,0.6449358876009627,0.037537174468907815,0.005603504467023361,0.0,0.31192343346310625,thermal_shift,0.6449358876009627
BWh,Phoenix,response,building_responses,operational_adequacy,cooling_setpoint_not_met_occupied_hours,Cooling setpoint not met occupied hours,76,0.9528907970221212,0.5353725754083498,0.4310017915109189,1.6812699413894697e-05,0.0,0.03360882038131738,thermal_shift,0.5353725754083498
BWh,Phoenix,response,building_responses,operational_adequacy,heating_unmet_hours,Heating unmet hours,76,0.6917592957554974,0.17355953714550484,0.782778161967206,0.0006897771243757222,0.0,0.04297252376291344,demand_background,0.782778161967206
BWh,Phoenix,response,building_responses,operational_adequacy,cooling_peak_demand_kw,Cooling peak demand,76,0.76170233936178,0.8788188874427041,0.07833109712683879,0.022713426775795437,0.0,0.020136588654661725,thermal_shift,0.8788188874427041
BWh,Phoenix,response,building_responses,energy_burden,annual_cooling_electricity_kwh,Annual cooling electricity,76,0.9858411237059477,0.38812707603901,0.5915771709819667,0.011926549156982593,0.0,0.008369203822040764,demand_background,0.5915771709819667
Cfb,Vancouver,response,building_responses,habitability,maximum_delta_t_k,Maximum delta_t,76,0.4155042128314692,0.013646858814242033,0.953775008195148,0.03257813299060988,0.0,0.0,demand_background,0.953775008195148
Cfb,Vancouver,response,building_responses,habitability,annual_edh_c_h,Annual EDH,76,0.2615549032664597,0.0066510524068864076,0.807276253516174,0.1860726940769394,0.0,0.0,demand_background,0.807276253516174
Cfb,Vancouver,response,building_responses,habitability,maximum_daily_edh_k_h,Maximum daily EDH,76,0.3369192600077353,0.006674473526626888,0.9328979384625468,0.060427588010826316,0.0,0.0,demand_background,0.9328979384625468
Cfb,Vancouver,response,building_responses,habitability,daily_edh_exceedance_days,Daily EDH exceedance days,,,,,,,,,
Cfb,Vancouver,response,building_responses,operational_adequacy,cooling_setpoint_not_met_occupied_hours,Cooling setpoint not met occupied hours,,,,,,,,,
Cfb,Vancouver,response,building_responses,operational_adequacy,heating_unmet_hours,Heating unmet hours,76,0.9695476688033309,0.33535828198943923,0.6626945460811511,0.0019471719294097078,0.0,0.0,demand_background,0.6626945460811511
Cfb,Vancouver,response,building_responses,operational_adequacy,cooling_peak_demand_kw,Cooling peak demand,76,0.8724724882739625,0.006562496802831635,0.46048897128031596,0.5329485319168522,0.0,0.0,humid_heat_stress,0.5329485319168522
Cfb,Vancouver,response,building_responses,energy_burden,annual_cooling_electricity_kwh,Annual cooling electricity,76,0.9805426390339687,0.09115045472294613,0.8860591256111583,0.02279041966589559,0.0,0.0,demand_background,0.8860591256111583
Csb,Los_Angeles,response,building_responses,habitability,maximum_delta_t_k,Maximum delta_t,76,0.3122830674280659,0.15823889149991782,0.1028614678499095,0.4795623259956036,0.1832647530873161,0.07607256156725296,humid_heat_stress,0.4795623259956036
Csb,Los_Angeles,response,building_responses,habitability,annual_edh_c_h,Annual EDH,76,0.8433758875396062,0.16889591248339303,0.7306157274874401,0.040125877030538284,0.04383979915473741,0.01652268384389123,demand_background,0.7306157274874401
Csb,Los_Angeles,response,building_responses,habitability,maximum_daily_edh_k_h,Maximum daily EDH,76,0.25333769520105875,0.2007079303308731,0.03852133639894074,0.559241378183326,0.010559533194711451,0.19096982189214876,humid_heat_stress,0.559241378183326
Csb,Los_Angeles,response,building_responses,habitability,daily_edh_exceedance_days,Daily EDH exceedance days,76,0.33285228814615475,0.07184390613584864,0.35705483231339297,0.3373575844191406,0.16722319712847228,0.06652048000314542,demand_background,0.35705483231339297
Csb,Los_Angeles,response,building_responses,operational_adequacy,cooling_setpoint_not_met_occupied_hours,Cooling setpoint not met occupied hours,76,0.8498294797563777,0.19001029953205947,0.5046865092945457,0.1762907698381547,0.12845286422749977,0.0005595571077403551,demand_background,0.5046865092945457
Csb,Los_Angeles,response,building_responses,operational_adequacy,heating_unmet_hours,Heating unmet hours,76,0.73038717411708,0.05759131697491444,0.8924621430378513,0.004385917027732754,0.045559715671046275,9.072884552831374e-07,demand_background,0.8924621430378513
Csb,Los_Angeles,response,building_responses,operational_adequacy,cooling_peak_demand_kw,Cooling peak demand,76,0.7049807797194847,0.02152638305201738,0.465263015488235,0.39983211764191245,0.03922864037408011,0.0741498434437551,demand_background,0.465263015488235
Csb,Los_Angeles,response,building_responses,energy_burden,annual_cooling_electricity_kwh,Annual cooling electricity,76,0.9605858616733546,0.3274415234321327,0.57537987790831,0.02630787200826864,0.07013128849397848,0.0007394381573103085,demand_background,0.57537987790831
Dfa,Toronto,response,building_responses,habitability,maximum_delta_t_k,Maximum delta_t,76,0.17149773642742194,0.10485137192009575,0.6864156941838495,0.06661966101433911,0.07539824005436657,0.06671503282734902,demand_background,0.6864156941838495
Dfa,Toronto,response,building_responses,habitability,annual_edh_c_h,Annual EDH,76,0.9048926239109784,0.06107663758693123,0.8655682348382613,0.011733490548045416,0.059674207016186503,0.0019474300105756254,demand_background,0.8655682348382613
Dfa,Toronto,response,building_responses,habitability,maximum_daily_edh_k_h,Maximum daily EDH,76,0.11367260565770965,0.3939838380570266,0.5932793700822665,0.0010886832990865195,0.004191916881077646,0.0074561916805428756,demand_background,0.5932793700822665
Dfa,Toronto,response,building_responses,habitability,daily_edh_exceedance_days,Daily EDH exceedance days,76,0.14395380639876487,0.379309687350329,0.6155003318784728,9.462037806162065e-05,1.8544025392263196e-06,0.00509350599059737,demand_background,0.6155003318784728
Dfa,Toronto,response,building_responses,operational_adequacy,cooling_setpoint_not_met_occupied_hours,Cooling setpoint not met occupied hours,76,0.7379404365078546,0.10332462150810495,0.7431489870261334,0.12167820224430816,0.0037317390472615002,0.028116450174191683,demand_background,0.7431489870261334
Dfa,Toronto,response,building_responses,operational_adequacy,heating_unmet_hours,Heating unmet hours,76,0.9442515881266602,0.19849508132778632,0.800927791165723,0.00027958470512116993,0.00029638757666539356,1.1552247040194354e-06,demand_background,0.800927791165723
Dfa,Toronto,response,building_responses,operational_adequacy,cooling_peak_demand_kw,Cooling peak demand,76,0.7071354255687077,0.20638367434004334,0.017361048650758337,0.7752578842576281,0.0003785961308917305,0.0006187966206785875,humid_heat_stress,0.7752578842576281
Dfa,Toronto,response,building_responses,energy_burden,annual_cooling_electricity_kwh,Annual cooling electricity,76,0.9731151769769029,0.09077026604264932,0.9037578955173963,0.004598477708401383,0.0008452691951380144,2.8091536415172683e-05,demand_background,0.9037578955173963
Dfb,Montreal,response,building_responses,habitability,maximum_delta_t_k,Maximum delta_t,76,0.21537015078167565,0.8306869055102163,0.06024583271283799,0.10412358093349057,0.004943680843455223,0.0,thermal_shift,0.8306869055102163
Dfb,Montreal,response,building_responses,habitability,annual_edh_c_h,Annual EDH,76,0.893831416162253,0.1236581552879852,0.8160024278039869,0.034869696171123794,0.02546972073690426,0.0,demand_background,0.8160024278039869
Dfb,Montreal,response,building_responses,habitability,maximum_daily_edh_k_h,Maximum daily EDH,76,0.03800303039048425,0.49096581222841995,0.49665239740245753,0.012330892874255157,5.08974948673553e-05,0.0,demand_background,0.49665239740245753
Dfb,Montreal,response,building_responses,habitability,daily_edh_exceedance_days,Daily EDH exceedance days,76,0.11427100751895847,0.17334887425418563,0.2701204855565626,0.5545716079905996,0.001959032198652078,0.0,humid_heat_stress,0.5545716079905996
Dfb,Montreal,response,building_responses,operational_adequacy,cooling_setpoint_not_met_occupied_hours,Cooling setpoint not met occupied hours,76,0.6892540093771522,0.08009612748113897,0.757139101624056,0.15766974101705258,0.00509502987775245,0.0,demand_background,0.757139101624056
Dfb,Montreal,response,building_responses,operational_adequacy,heating_unmet_hours,Heating unmet hours,76,0.951345588229161,0.2522435850782237,0.7420612641070377,0.005676400760426139,1.8750054312625637e-05,0.0,demand_background,0.7420612641070377
Dfb,Montreal,response,building_responses,operational_adequacy,cooling_peak_demand_kw,Cooling peak demand,76,0.621983013451046,0.35560671361803803,0.13326984456798888,0.5104781604857559,0.0006452813282171893,0.0,humid_heat_stress,0.5104781604857559
Dfb,Montreal,response,building_responses,energy_burden,annual_cooling_electricity_kwh,Annual cooling electricity,76,0.9786750681913315,0.0942124233325477,0.9047036430375724,0.0008318353486272597,0.00025209828125245543,0.0,demand_background,0.9047036430375724
